#===========================================================================
# n'=n && l'=l     B COEFFICIENTS
#===========================================================================

0  0  0      1.0
   1  0      1.5
   2  0      1.875
   3  0      2.1875
   4  0      2.4609375
   5  0      2.7070313
   6  0      2.9326172

1  1  0      -3.0
   2  0      -7.5
   3  0      -13.125
   4  0      -19.6875
   5  0      -27.0703125
   6  0      -35.1914063
   0  1      1.0
   1  1      2.5
   2  1      4.375
   3  1      6.5625
   4  1      9.0234375
   5  1      11.7304688

2  1  0      2.5
   2  0      16.25
   3  0      45.9375
   4  0      95.15625
   5  0      166.9335938
   6  0      263.9355469
   1  1      -5.0
   2  1      -17.5
   3  1      -39.375
   4  1      -72.1875
   5  1      -117.3046875
   0  2      1.0
   1  2      3.5
   2  2      7.875
   3  2      14.4375
   4  2      23.4609375
   5  2      35.1914063

3  2  0      -17.5
   3  0      -96.25
   4  0      -295.3125
   5  0      -685.78125
   6  0      -1349.0039063
   1  1      3.5
   2  1      33.25
   3  1      122.0625
   4  1      310.40625
   5  1      645.1757813
   1  2      -7.0
   2  2      -31.5
   3  2      -86.625
   4  2      -187.6875
   5  2      -351.9140625
   0  3      1.0
   1  3      4.5
   2  3      12.375
   3  3      26.8125
   4  3      50.2734375

4  2  0      7.875
   3  0      122.0625
   4  0      613.265625
   5  0      1976.1328125
   6  0      4970.7861328
   2  1      -31.5
   3  1      -225.75
   4  1      -851.8125
   5  1      -2346.09375
   1  2      4.5
   2  2      56.25
   3  2      253.6875
   4  2      764.15625
   5  2      1834.9804688
   1  3      -9.0
   2  3      -49.5
   3  3      -160.875
   4  3      -402.1875
   0  4      1.0
   1  4      5.5
   2  4      17.875
   3  4      44.6875
   4  4      94.9609375

5  3  0      -86.625
   4  0      -851.8125
   5  0      -4074.984375
   6  0      -13583.8828125
   2  1      12.375
   3  1      253.6875
   4  1      1572.140625
   5  1      6016.0546875
   2  2      -49.5
   3  2      -437.25
   4  2      -1957.3125
   5  2      -6233.90625
   1  3      5.5
   2  3      85.25
   3  3      455.8125
   4  3      1586.40625
   1  4      -11.0
   2  4      -71.5
   3  4      -268.125
   4  4      -759.6875
   0  5      1.0
   1  5      6.5
   2  5      24.375
   3  5      69.0625

6  3  0      26.8125
   4  0      764.15625
   5  0      6016.0546875
   6  0      27879.9726563
   3  1      -160.875
   4  1      -1957.3125
   5  1      -11133.890625
   2  2      17.875
   3  2      455.8125
   4  2      3358.265625
   5  2      14875.3515625
   2  3      -71.5
   3  3      -750.75
   4  3      -3887.8125
   1  4      6.5
   2  4      120.25
   3  4      743.4375
   4  4      2935.15625
   1  5      -13.0
   2  5      -97.5
   3  5      -414.375
   0  6      1.0
   1  6      7.5
   2  6      31.875
   3  6      100.9375

7  4  0      -402.1875
   5  0      -6233.90625
   6  0      -42983.7890625
   3  1      44.6875
   4  1      1586.40625
   5  1      14875.3515625
   3  2      -268.125
   4  2      -3887.8125
   5  2      -25626.046875
   2  3      24.375
   3  3      743.4375
   4  3      6346.640625
   2  4      -97.5
   3  4      -1186.25
   4  4      -6975.3125
   1  5      7.5
   2  5      161.25
   3  5      1131.5625
   1  6      -15.0
   2  6      -127.5
   3  6      -605.625
   0  7      1.0
   1  7      8.5
   2  7      40.375

8  4  0      94.9609375
   5  0      4320.7226563
   6  0      49177.8955078
   4  1      -759.6875
   5  1      -14054.21875
   3  2      69.0625
   4  2      2935.15625
   5  2      31932.7734375
   3  3      -414.375
   4  3      -6975.3125
   2  4      31.875
   3  4      1131.5625
   4  4      10982.265625
   2  5      -127.5
   3  5      -1763.75
   1  6      8.5
   2  6      208.25
   3  6      1635.1875
   1  7      -17.0
   2  7      -161.5
   0  8      1.0
   1  8      9.5
   2  8      49.875

9  5  0      -1804.2578125
   6  0      -40595.8007813
   4  1      164.0234375
   5  1      8939.2773437
   4  2      -1312.1875
   5  2      -28212.03125
   3  3      100.9375
   4  3      4996.40625
   3  4      -605.625
   4  4      -11607.8125
   2  5      40.375
   3  5      1635.1875
   2  6      -161.5
   3  6      -2503.25
   1  7      9.5
   2  7      261.25
   1  8      -19.0
   2  8      -199.5
   0  9      1.0
   1  9      10.5

10  5  0      344.4492188
   6  0      22905.8730469
   5  1      -3444.4921875
   4  2      264.9609375
   5  2      16825.0195312
   4  3      -2119.6875
   3  4      141.3125
   4  4      7984.15625
   3  5      -847.875
   2  6      49.875
   3  6      2269.3125
   2  7      -199.5
   1  8      10.5
   2  8      320.25
   1  9      -21.0
   0  10      1.0
   1  10      11.5

11  6  0      -7922.3320313
   5  1      609.4101563
   5  2      -6094.1015625
   4  3      406.2734375
   4  4      -3250.1875
   3  5      191.1875
   3  6      -1147.125
   2  7      60.375
   2  8      -241.5
   1  9      11.5
   1  10      -23.0
   0  11      1.0

12  6  0      1269.6044922
   5  2      1015.6835937
   4  4      597.4609375
   3  6      251.5625
   2  8      71.875
   1  10      12.5
   0  12      1.0

#===========================================================================
# n'=n-1 && l'=l+2 B COEFFICIENTS
#===========================================================================


1  1  0      0.9486833
   2  0      1.9843135
   3  0      3.2149553
   4  0      4.617128
   5  0      6.172981
   6  0      7.8690377

2  1  0      -1.5811388
   2  0      -8.0317451
   3  0      -20.6675697
   4  0      -40.6746992
   5  0      -69.078597
   6  0      -106.7940825
   1  1      1.3363062
   2  1      3.75
   3  1      7.616286
   4  1      13.1459097
   5  1      20.5240449

3  2  0      11.2444431
   3  0      56.4403262
   4  0      164.6775658
   5  0      370.3788607
   6  0      712.585077
   1  1      -1.8708287
   2  1      -13.4166667
   3  1      -43.8359572
   4  1      -104.2908835
   5  1      -207.5208986
   1  2      1.6499158
   2  2      5.8040934
   3  2      14.1676164
   4  2      28.5557438
   5  2      50.9822001

4  2  0      -5.9529404
   3  0      -83.5888375
   4  0      -399.1717037
   5  0      -1245.8198043
   6  0      -3065.3478521
   2  1      17.25
   3  1      109.9514743
   4  1      387.9238439
   5  1      1022.4706012
   1  2      -2.1213203
   2  2      -19.6736152
   3  2      -77.8298926
   4  2      -216.9494818
   5  2      -494.5935512
   1  3      1.9188064
   2  3      8.1124904
   3  3      23.1241554
   4  3      53.2985447

5  3  0      65.6769437
   4  0      613.6382993
   5  0      2843.4152466
   6  0      9272.4934975
   2  1      -8.25
   3  1      -149.2792057
   4  1      -864.1918781
   5  1      -3163.8604623
   2  2      24.0455297
   3  2      185.8915821
   4  2      769.122285
   5  2      2323.8919324
   1  3      -2.3452079
   2  3      -26.6949469
   3  3      -123.9217558
   4  3      -395.8669685
   1  4      2.1572775
   2  4      10.6507042
   3  4      34.7170482
   4  4      90.0582358

6  3  0      -21.8923146
   4  0      -591.6519755
   5  0      -4510.9793627
   6  0      -20451.254162
   3  1      107.8127597
   4  1      1224.3223885
   5  1      6661.6488896
   2  2      -10.7790306
   3  2      -238.8255334
   4  2      -1624.4138804
   5  2      -6822.8750022
   2  3      31.5485737
   3  3      286.7395268
   4  3      1360.8895071
   1  4      -2.5495098
   2  4      -34.4050021
   3  4      -183.2639334
   4  4      -659.8812552
   1  5      2.3734644
   2  5      13.4000933
   3  5      49.1590478

7  4  0      328.6955419
   5  0      4932.5057804
   6  0      33271.0406581
   3  1      -33.003906
   4  1      -1091.1105037
   5  1      -9783.1280762
   3  2      162.835591
   4  2      2177.2827477
   5  2      13603.4842417
   2  3      -13.5208173
   3  3      -354.5703826
   4  3      -2770.479253
   2  4      39.6980793
   3  4      414.7480521
   4  4      2220.6338256
   1  5      -2.7386128
   2  5      -42.7469039
   3  5      -256.9171954
   1  6      2.5724788
   2  6      16.345871
   3  6      66.6482722

8  4  0      -80.9829596
   5  0      -3564.6515751
   6  0      -39686.1799313
   4  1      562.0872292
   5  1      9938.613265
   3  2      -46.9187296
   4  2      -1834.6138227
   5  2      -18911.0856896
   3  3      231.834481
   4  3      3567.3581475
   2  4      -16.4601792
   3  4      -498.6630563
   4  4      -4400.7883372
   2  5      48.4464911
   3  5      571.9963698
   1  6      -2.9154759
   2  6      -51.6758941
   3  6      -345.8694547
   1  7      2.7577642
   2  7      19.4759467

9  5  0      1539.281362
   6  0      33870.9838107
   4  1      -128.6705705
   5  1      -6696.2287955
   4  2      893.7862213
   5  2      18196.5199884
   3  3      -63.8384803
   4  3      -2882.2212999
   3  4      315.8199357
   4  4      5496.8272302
   2  5      -19.5847517
   3  5      -673.1008081
   2  6      57.755411
   3  6      760.4250486
   1  7      -3.082207
   2  7      -61.1555637
   1  8      2.9317636
   2  8      22.7801997

10  5  0      -302.1019495
   6  0      -19640.402632
   5  1      2704.2462444
   4  2      -193.5001098
   5  2      -11623.9416136
   4  3      1345.0366066
   3  4      -83.9521348
   4  4      -4298.2339825
   3  5      415.7387344
   2  6      -22.8842195
   3  6      -879.7571931
   2  7      67.5929915
   1  8      -3.2403703
   2  8      -71.1555438
   1  9      3.0962811

11  6  0      6949.6809313
   5  1      -497.581309
   5  2      4455.8442852
   4  3      -278.7012788
   4  4      1938.419247
   3  5      -107.4380999
   3  6      532.4846169
   2  7      -26.3498102
   2  8      77.9322623
   1  9      -3.391165
   1  10      3.2526912

12  6  0      -1135.5687796
   5  2      -778.9937562
   4  4      -387.6838494
   3  6      -134.4658123
   2  8      -29.973947
   1  10      -3.5355339